967
834
1000
1669
2224
1978
-142
1462
-1036
205
-1355
1781
-673 461 -1009 1495 2442 -673 -64 -1109 1104 2402 -1347 -1208 -1118 -79 1216 2218 2395 -53 226 1271 2038 369 2412 167 799 -465 394 -797 2311 1822 833 173 -836 1641 2211 -1247 1368 47 2144 -838 -743 -1463 -641 -777 241 2029 -722 -1184 1535 690 342 -1212 606 -460 -558 1764 1148 1946 2305 2390 1229 -1130 1850 1506 1601 -1107 2048 2129 -877 -1416 2454 1256 2340 -534 1876 431 808 -556 -1061 -874 1823 37 38 -1382 582 1429 -959 -667 1615 -861 158 1204 430 477 806 2173 886 -479 -755 1424 1572 770 329 1277 2073 -403 -988 2486 -210 -339 1136 855 -733 2155 2074 -1469 -1448 1850 -350 -559 224 466 1930 1607 691 507 1837 1957 -1213 2253 883 1445 -591 -1291 258 -1279 1088 922 -554 2006 -470 -1087 -332 -600 -909 1262 155 -90 859 2124 -963 48 983 2095 -1459 2102 -1150 791 1336 -126 1520 -904 -1479 1848 1699 2168 -1016 -1219 -766 -1447 499 918 2438 1400 2288 627 -1033 2228 1393 -852 983 307 921 810 1117 1313 14 809 2116 1435 -49 -900 -251 -981 2056 1298 803 724 1508 344 -891 1489 -798 1695 -1015 1593 843 1023 87 -186 3 1948 -300 -42 1118 -920 2296 1298 1781 2089 -702 -1491 1657 -1028 2122 1038 -1208 538 -1321 690 157 2458 691 2315 1388 1656 2011 -1298 1134 -1228 -1445 -1172 1146 862 -614 1375 -1067 369 -1358 2344 -84 381 2498 822 1151 521 199 2057 -1024 2392 -1111 -425 1212 1100 1010 -497 1369 361 1188 -99 289 1755 -1077 -498 1085 -1318 785 1588 1926 -883 2257 332 1432 -1331 654 221 -311 2476 1829 868 -808 -75 1055 1934 -951 1941 12 645 560 218 2253 -1361 -1077 -1221 496 -813 -971 1049 -63 2366 -551 -1307 1695 1797 -1084 -1214 -1395 -1012 -1218 -1045 234 614 2201 1816 -829 286 -1237 -1187 -1145 1685 -1447 -588 1308 332 -555 -1187 2256 -1179 2058 2146 2482 -1019 -1356 1696 -1278 1629 661 35 -1050 1673 966 -1456 159 792 939 -247 -1476 654 10 -755 -851 -314 -1187 -1026 -1478 668 518 1287 405 458 1891 702 2125 977 -1086 -186 324 -166 374 -1128 -1341 2333 -1430 1987 -1203 2018 -1323 273 -1230 263 1168 -308 485 1602 -1020 -287 2127 -698 -1401 1027 1125 43 424 1523 472 -439 681 1503 1932 5 2093 1225 -469 -1008 -1358 -278 1786 -436 2400 1687 -1140 913 1474 770 -330 -1265 1333 2211 260 1396 -833 1785 -950 -1360 194 1195 124 -1481 625 1076 194 1158 802 -129 966 -822 1093 2351 -16 -482 -1036 -381 1652 1300 587 1560 426 -490 -743 -1330 -1185 76 727 -1457 1258 1664 -391 2382 -414 65 1987 77 974 1125 127 129 2428 -77 -980 1402 1462 -1377 -904 2237 -239 695 -975 -236 -1240 702 -1384 -470 -1174 -489 1271 911 47 -347 20 290 1424 688 263 -560 -649 1162 329 1400 213 1458 78 -1135 -493 1977 -300 558 939 803 -740 1857 824 977 -392 -387 1387 2301 1350 960 928 -507 1884 1905 1040 1611 -796 -665 -1144 572 -150 1323 985 -944 1716 126 -143 -974 -143 -163 1771 2369 -139 -604 -478 117 612 -783 1196 2085 -1459 -1077 -1371 -1271 -935 1059 -568 796 355 -1447 -538 2084 234 1154 -528 -43 869 1032 1463 1107 983 -589 2135 567 1348 -825 -562 723 642 2254 1011 1241 -1325 -41 325 1721 370 126 2434 1705 2283 2350 -102 779 1201 -1307 -766 137 1034 56 493 676 205 1462 1048 2381 -1200 913 -859 2355 -645 -358 1962 2111 1377 -1076 -822 252 943 -1204 -827 540 -187 -625 -1428 -682 -890 -483 1432 -1388 1195 -331 2331 -1460 988 -815 1590 1997 1089 490 1645 1853 1814 1151 1240 544 1758 -1165 -741 1692 2105 -236 -1319 -997 2329 2275 -892 -208 497 49 56 61 2127 967 41 629 1740 2313 -326 -899 577 -1285 -817 -1287 2492 324 101 1892 2259 1170 928 -1473 -1416 575 1286 1998 -530 787 2347 -896 -997 -279 1163 206 863 -490 671 1989 740 -1336 42 2119 -587 2091 1204 2318 -268 -750 -295 -525 39 -1197 1922 -402 1747 84 148 1471 364 1413 1575 45 -788 46 1178 269 1762 -981 485 -1211 2444 1365 1040 1745 8 -1182 2370 101 -1177 -368 -1028 1652 -413 -930 263 401 -397 923 2027 2100 1469 515 65 -1472 43 -153 588 1443 -863 909 963 -451 -819 88 1842 -892 -1440 -279 258 454 -612 646 -810 2449 -657 -70 120 -752 1567 -964 -717 535 -1274 1685 1538 353 129 1724 2248 2423 1859 -1243 -734 -556 1455 1818 -774 -89 -475 -1145 1501 1049 -4 1084 15 464 1842 -1425 413 -1358 1696 448 -428 -1074 1106 673 -1071 -1096 1205 -874 312
