Round 5
D207
2.5 6.2 7.0 3.6 4.7 7.5 4.5 7.8
D204
2.4 6.8 8.2 8.1 8.2 7.5 6.6 7.2
D203
2.2 3.6 4.7 7.5 4.5 7.8 5.6 3.4
D208
1.8 7.3 3.1 7.7 4.3 4.2 4.0 6.0
D209
2.2 3.0 7.5 4.2 5.5 4.6 5.2 7.6
D206
2.2 5.4 5.0 4.3 7.6 3.4 6.7 6.7
D214
2.1 5.6 3.4 3.8 5.1 5.9 7.2 4.0
D201
2.4 7.7 4.3 4.2 4.0 6.0 5.9 3.6
D210
2.1 6.7 3.3 7.7 4.4 3.1 4.5 6.0
D212
2.1 4.7 3.1 7.4 3.4 6.9 7.3 3.1
D205
2.4 7.6 7.8 8.8 7.5 8.8 7.6 6.4
D211
1.8 6.9 5.7 7.6 6.9 6.9 6.7 7.9 
D213
1.9 7.3 5.1 5.2 3.0 7.5 5.1 5.2
D202
2.1 6.6 6.8 5.4 7.4 6.3 3.4 4.3
