Round 2
D203
2.2 4.6 6.8 7.2 8.3 6.4 4.6 5.1
D201
2.0 7.8 6.6 3.4 4.8 4.1 5.6 7.1
D204
2.5 5.6 5.1 3.1 7.5 6.3 6.6 5.0
D208
1.8 6.9 7.5 5.5 7.2 6.29 6.3 4.4
D209
2.3 5.4 6.2 5.7 6.6 4.9 5.7 3.8
D206
2.3 4.2 4.8 5.6 3.3 7.4 3.9 6.1
D211
1.9 7.1 5.8 4.5 6.7 6.8 4.3 7.7
D210
2.4 7.3 5.6 4.9 5.8 7.2 6.8 3.5
D205
2.3 7.1 7.9 8.7 7.4 9.2 7.7 5.5
D212
2.0 3.7 4.6 7.5 5.2 4.8 3.6 7.9
D207
2.4 7.8 7.2 8.4 8.1 6.5 6.2 7.0
D214
2.2 5.9 6.3 5.7 6.5 6.9 6.2 4.9
D213
1.8 5.0 3.8 6.6 4.7 7.0 7.2 4.3
D202
2.3 5.0 6.3 5.4 2.9 4.2 6.1 5.9